100 5
0.222222149372101 0.749999940395355 0.152542367577553 0.125000000000000 0
0.138888895511627 0.416666656732559 0.067796602845192 0.083333335816860 0
0.222222149372101 0.749999940395355 0.101694919168949 0.041666667908430 0
0.083333253860474 0.500000000000000 0.067796602845192 0.041666667908430 0
0.277777791023254 0.708333313465118 0.084745764732361 0.041666667908430 0
0.194444403052330 0.541666626930237 0.067796602845192 0.041666667908430 0
0.749999940395355 0.500000000000000 0.627118587493896 0.541666626930237 1
0.583333313465118 0.500000000000000 0.593220353126526 0.583333313465118 1
0.722222208976746 0.458333283662796 0.661016941070557 0.583333313465118 1
0.333333283662796 0.124999977648258 0.508474588394165 0.499999970197678 1
0.611111044883728 0.333333313465118 0.610169470310211 0.583333313465118 1
0.388888806104660 0.333333313465118 0.593220353126526 0.499999970197678 1
0.555555582046509 0.541666626930237 0.627118587493896 0.625000000000000 1
0.166666641831398 0.166666701436043 0.389830499887466 0.375000000000000 1
0.638888835906982 0.375000029802322 0.610169470310211 0.499999970197678 1
0.249999895691872 0.291666686534882 0.491525441408157 0.541666626930237 1
0.194444403052330 0.000000000000000 0.423728793859482 0.375000000000000 1
0.444444417953491 0.416666656732559 0.542372822761536 0.583333313465118 1
0.472222179174423 0.083333350718021 0.508474588394165 0.375000000000000 1
0.499999940395355 0.375000029802322 0.627118587493896 0.541666626930237 1
0.361111044883728 0.375000029802322 0.440677940845490 0.499999970197678 1
0.666666567325592 0.458333283662796 0.576271176338196 0.541666626930237 1
0.361111044883728 0.416666656732559 0.593220353126526 0.583333313465118 1
0.416666686534882 0.291666686534882 0.525423705577850 0.375000000000000 1
0.527777671813965 0.083333350718021 0.593220353126526 0.583333313465118 1
0.361111044883728 0.208333328366280 0.491525441408157 0.416666686534882 1
0.444444417953491 0.500000000000000 0.644067823886871 0.708333313465118 1
0.499999940395355 0.333333313465118 0.508474588394165 0.499999970197678 1
0.555555582046509 0.208333328366280 0.661016941070557 0.583333313465118 1
0.499999940395355 0.333333313465118 0.627118587493896 0.458333343267441 1
0.583333313465118 0.375000029802322 0.559322059154511 0.499999970197678 1
0.638888835906982 0.416666656732559 0.576271176338196 0.541666626930237 1
0.694444477558136 0.333333313465118 0.644067823886871 0.541666626930237 1
0.666666567325592 0.416666656732559 0.677966117858887 0.666666686534882 1
0.472222179174423 0.375000029802322 0.593220353126526 0.583333313465118 1
0.388888806104660 0.249999955296516 0.423728793859482 0.375000000000000 1
0.333333283662796 0.166666701436043 0.474576264619827 0.416666686534882 1
0.333333283662796 0.166666701436043 0.457627117633820 0.375000000000000 1
0.416666686534882 0.291666686534882 0.491525441408157 0.458333343267441 1
0.472222179174423 0.291666686534882 0.694915235042572 0.625000000000000 1
0.305555522441864 0.416666656732559 0.593220353126526 0.583333313465118 1
0.472222179174423 0.583333373069763 0.593220353126526 0.625000000000000 1
0.666666567325592 0.458333283662796 0.627118587493896 0.583333313465118 1
0.555555582046509 0.124999977648258 0.576271176338196 0.499999970197678 1
0.361111044883728 0.416666656732559 0.525423705577850 0.499999970197678 1
0.333333283662796 0.208333328366280 0.508474588394165 0.499999970197678 1
0.333333283662796 0.249999955296516 0.576271176338196 0.458333343267441 1
0.499999940395355 0.416666656732559 0.610169470310211 0.541666626930237 1
0.416666686534882 0.249999955296516 0.508474588394165 0.458333343267441 1
0.194444403052330 0.124999977648258 0.389830499887466 0.375000000000000 1
0.361111044883728 0.291666686534882 0.542372822761536 0.499999970197678 1
0.388888806104660 0.416666656732559 0.542372822761536 0.458333343267441 1
0.388888806104660 0.375000029802322 0.542372822761536 0.499999970197678 1
0.527777671813965 0.375000029802322 0.559322059154511 0.499999970197678 1
0.222222149372101 0.208333328366280 0.338983058929443 0.416666686534882 1
0.388888806104660 0.333333313465118 0.525423705577850 0.499999970197678 1
0.555555582046509 0.541666626930237 0.847457587718964 1.000000000000000 2
0.416666686534882 0.291666686534882 0.694915235042572 0.750000000000000 2
0.777777731418610 0.416666656732559 0.830508470535278 0.833333313465118 2
0.555555582046509 0.375000029802322 0.779660999774933 0.708333313465118 2
0.611111044883728 0.416666656732559 0.813559353351593 0.875000000000000 2
0.916666626930237 0.416666656732559 0.949152529239655 0.833333313465118 2
0.166666641831398 0.208333328366280 0.593220353126526 0.666666686534882 2
0.833333373069763 0.375000029802322 0.898305118083954 0.708333313465118 2
0.666666567325592 0.208333328366280 0.813559353351593 0.708333313465118 2
0.805555462837219 0.666666626930237 0.864406764507294 1.000000000000000 2
0.611111044883728 0.500000000000000 0.694915235042572 0.791666686534882 2
0.583333313465118 0.291666686534882 0.728813588619232 0.750000000000000 2
0.694444477558136 0.416666656732559 0.762711822986603 0.833333313465118 2
0.388888806104660 0.208333328366280 0.677966117858887 0.791666686534882 2
0.416666686534882 0.333333313465118 0.694915235042572 0.958333373069763 2
0.583333313465118 0.500000000000000 0.728813588619232 0.916666626930237 2
0.611111044883728 0.416666656732559 0.762711822986603 0.708333313465118 2
0.944444358348846 0.749999940395355 0.966101646423340 0.875000000000000 2
0.944444358348846 0.249999955296516 1.000000000000000 0.916666626930237 2
0.472222179174423 0.083333350718021 0.677966117858887 0.583333313465118 2
0.722222208976746 0.500000000000000 0.796610116958618 0.916666626930237 2
0.361111044883728 0.333333313465118 0.661016941070557 0.791666686534882 2
0.944444358348846 0.333333313465118 0.966101646423340 0.791666686534882 2
0.555555582046509 0.291666686534882 0.661016941070557 0.708333313465118 2
0.666666567325592 0.541666626930237 0.796610116958618 0.833333313465118 2
0.805555462837219 0.500000000000000 0.847457587718964 0.708333313465118 2
0.527777671813965 0.333333313465118 0.644067823886871 0.708333313465118 2
0.499999940395355 0.416666656732559 0.661016941070557 0.708333313465118 2
0.583333313465118 0.333333313465118 0.779660999774933 0.833333313465118 2
0.805555462837219 0.416666656732559 0.813559353351593 0.625000000000000 2
0.861111104488373 0.333333313465118 0.864406764507294 0.750000000000000 2
1.000000000000000 0.749999940395355 0.915254235267639 0.791666686534882 2
0.583333313465118 0.333333313465118 0.779660999774933 0.875000000000000 2
0.555555582046509 0.333333313465118 0.694915235042572 0.583333313465118 2
0.499999940395355 0.249999955296516 0.779660999774933 0.541666626930237 2
0.944444358348846 0.416666656732559 0.864406764507294 0.916666626930237 2
0.555555582046509 0.583333373069763 0.779660999774933 0.958333373069763 2
0.583333313465118 0.458333283662796 0.762711822986603 0.708333313465118 2
0.472222179174423 0.416666656732559 0.644067823886871 0.708333313465118 2
0.722222208976746 0.458333283662796 0.745762705802917 0.833333313465118 2
0.666666567325592 0.458333283662796 0.779660999774933 0.958333373069763 2
0.722222208976746 0.458333283662796 0.694915235042572 0.916666626930237 2
0.416666686534882 0.291666686534882 0.694915235042572 0.750000000000000 2
0.694444477558136 0.500000000000000 0.830508470535278 0.916666626930237 2
0.666666567325592 0.541666626930237 0.796610116958618 1.000000000000000 2
0.666666567325592 0.416666656732559 0.711864352226257 0.916666626930237 2
0.555555582046509 0.208333328366280 0.677966117858887 0.750000000000000 2
0.611111044883728 0.416666656732559 0.711864352226257 0.791666686534882 2
0.527777671813965 0.583333373069763 0.745762705802917 0.916666626930237 2
0.444444417953491 0.416666656732559 0.694915235042572 0.708333313465118 2
